,F0,F1,F2,F3,F4,F5,F6
gurkor,-0.4602238869446865,0.4307267950333446,0.22671617655818532,-0.22035863643510134,-0.04633734253478283,0.36210145146266354,-0.6078203995396785
guitars,0.4944240080281272,0.21051730180207806,0.0950411207877409,-0.2552661928896506,-0.24170003912302138,0.6855327239267408,0.3296357043281586
slingshots,0.44084642305151367,0.19883337346451913,0.09378863956145353,-0.4872070899464409,-0.3525276993485945,-0.5594000150126851,-0.287660403723438
stocks,0.046154421868966525,-0.3772168507206447,0.9205653307891877,0.08848038880315481,-0.008460020442711453,-0.01536428522829122,0.0005255607551773821
sugar,0.2024208824771039,0.5444854017474194,0.13612490440980263,0.7573348906404234,-0.23636455259810676,-0.11371581898584256,-0.040936758868989835
water,-0.4697941185126115,0.40580559377011544,0.2071538845586053,-0.2387870022354088,-0.10373139585933792,-0.2579961372748804,0.6613328455595291
tranquillity,0.2925446074425271,0.3566330020626658,0.14794391503591378,-0.10250046537130564,0.8651347795627052,-0.07918137963603793,0.010436925241844731
