,F0,F1,F2,F3,F4,F5,F6
gurkor,-0.46049291917732926,0.4319753318747434,0.22630453093683844,-0.2184701037609974,-0.0416528090761345,0.36067565016127334,-0.6087518180311036
guitars,0.494112180910636,0.21217000056224802,0.09577422519126712,-0.2605402399006461,-0.23663956653439636,0.6855789246584026,0.3282778980274457
slingshots,0.44104302037853166,0.2041699796597365,0.09447611010244987,-0.4858991165124232,-0.3478779710029081,-0.5611283322725497,-0.2879025855830545
stocks,0.04534950519813992,-0.3789853610959902,0.9204565695496528,0.0824757059271812,-0.006300261642133035,-0.015188166988826452,0.0007786171618074656
sugar,0.20307856338640579,0.5396173021585287,0.14072759294794554,0.7593310842250195,-0.2404737275866034,-0.10882129873685095,-0.03891817953897589
water,-0.4697205357089413,0.40821353159785534,0.2069951053212916,-0.23738939329861194,-0.09943507883277271,-0.2578408164011843,0.6611765360107299
tranquillity,0.29213972007099964,0.3538937677119567,0.14420920988400943,-0.0924769384138879,0.868039765493923,-0.08046717397990821,0.00986428966726502
